0 22
0 58
0 185
0 202
0 159
0 34
0 166
1 120
1 206
1 147
1 152
1 245
1 18
2 233
2 62
2 201
2 252
2 127
2 117
2 222
2 236
3 233
3 58
3 126
3 195
3 118
3 222
3 54
3 196
4 63
4 134
4 38
4 74
4 139
4 41
4 100
4 221
4 21
5 246
5 107
5 111
5 40
5 129
5 9
5 95
6 102
6 177
6 143
6 184
6 96
6 83
6 223
6 141
7 100
7 16
7 178
7 95
7 218
7 75
7 77
7 213
7 83
7 48
7 235
8 115
8 29
8 186
8 42
8 70
8 30
8 137
8 107
9 222
9 238
9 255
10 205
10 64
10 29
10 118
10 158
11 70
11 203
11 207
11 247
11 183
11 24
11 163
11 109
12 203
12 135
12 90
12 93
12 154
12 144
12 139
12 198
12 108
13 99
13 109
13 87
13 36
13 133
13 219
13 211
13 128
14 181
14 109
14 220
14 23
14 197
14 126
14 206
14 116
15 155
15 86
15 231
15 94
15 123
15 104
15 71
16 168
16 248
16 89
17 124
17 233
18 130
18 94
18 153
18 162
18 21
18 139
18 141
18 142
18 173
18 75
18 198
19 65
19 201
19 94
19 37
19 45
19 152
19 207
20 240
20 249
20 54
20 66
20 72
20 59
21 251
21 201
21 220
21 103
21 172
21 184
21 217
21 120
22 134
22 88
22 154
22 211
22 153
23 96
23 154
23 173
23 158
23 79
23 105
24 190
24 48
24 126
24 49
25 122
25 41
25 204
25 70
25 225
25 87
26 171
26 232
26 97
26 204
26 172
26 111
26 223
26 173
26 82
27 135
27 178
27 172
27 224
27 78
28 187
28 233
28 223
28 151
28 217
28 92
29 169
29 111
29 211
29 132
29 253
29 47
29 33
29 164
30 206
30 70
30 47
30 148
30 137
30 214
30 139
31 70
31 219
31 45
31 181
31 238
31 134
31 92
32 124
32 148
32 150
32 190
32 213
32 53
32 227
32 158
32 206
32 203
32 136
32 122
33 79
33 158
33 108
33 57
33 187
33 242
33 174
34 44
34 91
34 152
34 138
34 156
34 53
34 145
34 239
34 121
35 156
35 42
35 101
35 198
35 91
35 233
35 113
35 243
35 58
35 228
36 116
36 146
36 233
36 180
36 82
36 79
36 78
36 100
36 198
36 197
36 174
36 151
36 73
36 201
36 172
36 221
37 160
37 119
37 147
37 215
37 186
38 142
38 220
38 138
38 63
38 97
38 111
38 139
38 53
38 224
38 92
38 175
38 100
38 166
38 112
39 195
39 202
39 226
39 75
39 88
39 252
39 199
39 235
40 171
40 116
40 192
40 161
40 140
40 56
41 98
41 67
41 242
41 177
41 175
41 237
41 220
41 136
41 209
41 61
42 74
42 227
42 210
43 177
43 214
43 236
43 226
43 86
43 46
43 169
44 114
44 146
44 209
44 78
45 51
45 75
45 78
45 47
45 190
45 205
45 245
46 65
46 51
46 93
46 228
46 92
46 48
46 152
46 135
46 250
46 208
46 98
47 86
47 213
47 177
47 65
47 217
47 127
48 212
48 199
48 102
48 252
48 75
48 229
48 155
48 207
48 196
48 183
48 125
48 223
48 139
49 230
49 163
49 120
49 147
49 181
50 70
50 167
50 130
50 57
51 240
51 214
51 81
51 251
51 209
51 254
51 119
51 109
52 190
52 106
52 203
52 224
53 155
53 233
53 197
53 117
53 253
53 251
53 111
54 137
54 134
54 95
54 164
54 161
54 244
54 147
54 207
54 168
54 185
54 235
55 128
55 156
55 97
55 198
55 197
56 242
56 199
56 235
56 73
56 222
57 64
57 213
57 131
57 183
57 153
57 254
58 118
58 178
58 150
58 167
58 148
58 78
58 137
59 138
59 81
59 162
59 101
59 160
59 224
60 112
60 157
60 167
60 136
61 85
61 114
61 174
61 71
62 237
62 90
62 206
62 63
63 242
63 64
63 152
63 184
63 98
64 66
64 110
64 124
64 81
64 91
64 138
64 87
65 96
65 153
66 108
66 243
66 188
66 232
66 163
66 213
66 81
66 91
67 132
67 151
67 247
67 96
68 136
68 82
68 95
68 217
68 196
68 195
69 75
69 195
69 207
69 105
69 90
70 99
70 188
70 226
70 189
70 254
70 152
71 177
71 79
71 210
71 160
72 120
72 217
72 167
72 138
72 241
72 160
72 190
73 78
73 229
73 197
73 75
73 89
73 97
73 139
73 246
73 138
74 126
74 250
74 234
74 208
74 232
74 136
75 174
75 97
75 116
75 206
75 122
75 238
76 252
76 231
76 144
76 92
76 246
76 239
76 101
76 131
77 93
78 104
78 248
78 153
79 244
79 230
79 115
79 233
80 84
80 95
80 162
80 107
81 163
81 213
81 251
81 90
81 135
81 179
82 214
83 227
83 93
83 210
83 110
83 97
83 229
84 172
84 156
84 238
84 232
84 105
84 97
84 161
84 120
85 145
85 215
85 219
85 212
86 254
86 203
86 102
86 232
86 142
86 196
86 252
87 197
87 166
87 164
87 128
87 96
87 207
88 175
88 126
88 215
89 216
89 243
89 254
89 114
89 214
89 143
89 231
90 224
90 134
90 197
90 123
90 164
90 227
90 245
90 222
90 100
91 231
91 116
91 153
91 99
91 218
91 96
91 213
91 170
91 149
91 142
92 164
92 102
92 137
93 184
93 129
93 157
93 200
93 162
93 185
93 107
94 196
94 212
94 193
94 118
95 101
95 205
95 118
95 143
95 223
95 255
95 234
96 136
96 172
96 196
96 112
96 209
96 207
96 153
96 197
97 129
97 153
97 203
98 170
98 245
98 158
98 240
98 154
98 129
99 109
99 168
99 103
99 185
99 139
100 194
100 150
100 207
100 203
100 239
100 135
101 112
101 149
101 156
101 108
101 202
102 107
102 143
102 124
103 162
103 107
103 197
103 211
103 237
104 247
104 202
104 185
104 225
104 214
104 217
104 123
104 154
104 187
104 236
105 142
105 245
105 129
106 210
106 160
106 177
106 157
107 193
107 232
107 127
107 177
107 205
107 227
108 252
109 235
109 125
109 158
109 249
109 160
110 174
110 161
110 168
110 211
111 138
112 149
112 189
112 182
113 148
113 190
113 175
113 240
113 243
114 116
114 128
114 217
114 163
114 214
115 120
115 123
115 139
115 164
115 225
116 150
116 176
116 185
116 182
116 230
116 224
116 146
116 130
117 253
117 241
117 140
118 179
118 138
118 173
118 251
119 189
119 233
119 200
120 160
120 221
120 124
120 195
120 223
120 207
120 154
120 134
121 232
121 220
121 169
121 178
122 183
122 211
122 250
122 234
122 224
122 165
123 170
123 236
123 165
123 196
123 231
124 252
124 193
124 218
124 235
125 176
125 150
125 248
125 142
126 163
126 146
126 174
126 211
126 139
127 159
127 228
127 128
128 239
128 231
128 144
128 184
129 148
130 220
130 165
130 251
130 254
130 167
130 138
130 159
130 179
130 154
130 216
131 169
132 149
132 171
132 143
132 251
132 158
133 227
134 235
134 212
134 211
134 153
134 138
135 202
135 168
136 142
136 248
137 172
137 215
137 252
137 146
137 149
137 224
137 204
138 207
138 139
139 254
139 198
139 162
140 195
140 227
140 212
141 219
142 234
142 191
142 209
142 255
143 203
143 149
143 165
144 215
144 217
144 156
144 213
144 233
145 252
145 245
145 226
145 231
145 203
146 162
146 222
146 193
146 196
146 156
146 185
147 148
147 174
147 195
148 193
148 159
148 182
149 210
150 231
150 199
150 174
150 209
150 230
151 197
151 244
152 185
152 168
153 165
153 212
154 220
154 216
155 176
155 175
155 198
155 218
156 166
156 208
156 190
156 215
157 211
158 221
158 224
158 188
158 236
159 249
159 219
159 179
160 178
160 164
160 161
160 254
160 185
161 172
162 254
162 233
162 165
163 250
163 227
164 179
165 244
165 215
165 177
165 198
167 221
167 242
168 238
168 209
169 204
169 198
169 244
169 254
169 208
169 203
170 244
170 203
171 178
171 192
172 201
172 205
172 207
172 183
173 253
173 223
173 229
174 182
174 250
174 192
175 194
175 186
175 209
176 213
176 194
177 236
178 254
179 240
179 255
180 254
180 232
180 209
180 206
181 220
181 184
181 254
182 225
182 224
182 238
182 230
183 252
183 204
183 184
185 200
185 222
185 191
185 243
186 197
186 198
186 210
186 236
186 214
187 219
187 208
187 242
188 222
188 253
188 189
190 193
191 231
192 223
192 212
193 219
193 250
193 215
193 198
194 200
195 252
195 220
195 240
196 252
196 255
196 227
198 251
198 216
198 238
199 247
200 211
200 232
200 221
200 255
201 229
202 222
203 234
203 224
203 229
203 221
203 208
204 206
204 241
205 210
206 224
207 218
207 211
207 208
209 220
209 248
210 230
212 235
212 228
213 252
213 234
214 222
214 250
216 233
216 219
217 246
218 255
221 248
224 252
226 228
226 253
229 233
232 240
240 254
244 245
253 255
