0 3
0 24
0 207
0 81
0 128
0 224
0 48
1 242
1 29
1 240
1 176
2 217
2 171
2 246
2 167
2 38
2 78
2 216
2 240
2 254
2 97
2 198
3 71
3 149
3 67
3 150
3 96
3 118
3 209
4 197
4 201
4 132
4 196
5 82
5 198
5 6
5 56
5 246
5 232
5 122
5 220
6 148
6 223
6 94
6 125
6 219
6 185
6 246
7 37
7 121
7 162
7 211
7 73
7 227
7 12
7 43
7 53
7 52
7 190
7 169
8 241
8 246
8 207
8 237
8 180
8 198
8 223
8 139
8 68
9 36
9 22
9 119
9 240
9 249
9 120
9 25
9 144
9 112
9 215
9 168
10 219
10 178
10 143
10 68
10 69
10 98
10 20
10 214
10 84
11 86
11 142
11 131
11 34
11 197
11 180
11 81
12 162
12 105
12 108
12 24
12 141
12 114
13 170
13 80
13 108
13 132
13 249
13 203
14 29
14 126
14 77
14 236
14 158
14 49
14 26
14 47
14 101
14 183
14 42
14 120
14 69
15 68
15 45
15 127
15 60
15 180
15 146
15 51
15 219
16 144
16 20
16 208
16 250
16 121
16 47
16 53
16 106
16 192
16 165
16 181
16 213
17 36
17 74
17 45
17 55
17 164
17 119
18 185
18 130
18 64
18 143
18 25
18 54
18 188
18 101
19 109
19 137
19 87
19 36
19 230
19 160
19 164
19 124
19 134
19 216
19 163
20 58
20 92
20 217
20 181
20 179
20 190
20 164
21 157
21 151
21 236
22 164
22 201
22 63
22 93
23 141
23 73
23 184
23 251
23 224
23 153
23 213
24 98
24 136
24 125
25 126
25 54
25 178
25 94
25 212
25 189
26 197
26 232
26 248
26 233
26 42
26 66
26 214
27 73
27 47
27 142
27 194
27 157
27 241
27 193
27 39
27 206
28 218
28 141
28 53
28 181
28 137
28 52
28 252
28 171
28 203
28 242
28 248
28 50
28 61
29 106
29 68
29 70
29 44
29 82
29 61
29 32
29 238
29 33
29 228
30 231
30 243
30 152
30 184
30 175
30 39
30 131
30 109
30 104
30 92
31 52
31 92
31 73
31 172
31 182
31 171
31 238
31 167
31 58
31 144
31 162
32 135
32 233
32 216
32 160
32 243
32 151
32 228
32 150
32 42
33 57
33 139
33 224
34 184
34 255
34 215
34 101
35 136
35 85
35 50
36 76
36 96
36 254
37 200
37 230
37 140
37 81
37 89
38 146
38 228
38 54
38 61
38 95
38 198
38 143
38 197
39 53
39 116
39 55
39 132
39 95
39 156
39 124
39 100
39 240
40 131
40 254
40 228
40 82
40 144
40 250
41 136
41 88
41 192
41 220
41 63
42 206
42 216
42 202
42 141
42 111
42 184
42 165
42 70
42 251
43 48
43 137
43 234
43 141
43 196
43 232
43 157
43 107
44 54
44 228
44 177
44 151
44 55
44 212
45 238
45 193
45 85
45 199
45 154
45 112
45 97
45 125
45 135
46 247
46 182
46 181
46 117
46 197
47 204
47 238
47 126
47 134
47 107
48 231
48 154
48 159
48 79
48 109
48 180
48 78
48 208
49 79
49 207
49 145
49 230
49 182
49 143
49 172
49 83
49 94
49 133
49 202
50 151
50 55
50 51
50 135
50 128
51 253
51 62
51 143
51 201
51 188
51 176
51 240
51 193
53 55
53 194
53 103
53 151
53 146
53 184
53 211
54 224
54 106
54 156
54 141
54 227
54 125
54 183
55 75
55 100
55 206
55 60
55 176
55 69
55 136
56 105
56 63
56 122
56 59
56 146
56 203
56 81
56 103
56 175
56 186
57 111
57 168
57 60
57 252
57 107
57 75
58 247
58 191
58 66
58 147
58 128
59 132
59 90
59 246
60 108
60 126
60 79
60 134
60 123
61 171
61 115
61 112
61 205
61 222
62 128
62 213
62 170
63 254
63 72
63 89
63 74
64 229
64 73
64 99
64 100
64 146
64 170
64 75
64 213
64 162
64 204
64 98
64 166
64 168
65 254
65 198
65 222
65 165
65 212
65 156
66 199
66 245
66 248
66 154
66 93
66 86
66 243
66 249
67 222
67 215
67 160
67 93
67 251
67 113
67 150
69 101
70 155
70 157
70 185
70 184
70 240
71 88
71 98
71 228
71 110
71 186
71 209
71 193
72 179
72 113
72 251
72 248
72 162
72 114
72 229
72 154
73 152
73 101
73 159
73 177
73 223
73 165
73 251
74 204
74 99
74 223
74 211
74 150
75 173
75 78
75 189
75 191
75 227
75 206
75 202
75 204
76 149
76 124
76 212
76 243
77 90
77 134
77 216
77 113
77 236
77 203
77 154
78 93
78 187
78 100
78 188
79 187
79 82
80 105
80 94
80 99
80 196
80 85
80 198
80 112
81 210
81 236
82 169
82 130
82 123
82 248
82 154
82 232
82 185
83 119
83 135
83 167
84 209
84 253
84 85
85 133
85 147
85 217
85 168
85 119
85 137
85 87
86 111
86 235
87 138
87 141
87 158
87 250
87 131
87 145
87 156
87 199
87 184
87 217
88 131
88 101
88 126
88 235
89 167
89 190
89 212
89 95
89 181
89 166
90 181
90 192
90 103
90 95
90 137
90 244
90 205
91 195
91 198
91 230
91 152
92 97
92 108
92 167
92 113
92 187
93 183
93 191
93 118
93 193
93 114
93 164
93 245
93 142
94 196
94 230
94 163
94 145
94 217
95 185
95 252
95 241
96 245
96 131
96 103
97 151
97 185
97 206
98 225
98 207
98 137
98 226
98 194
98 188
99 204
99 132
99 183
100 118
100 216
100 240
100 124
100 185
100 158
101 200
101 211
102 134
102 224
103 221
103 215
103 113
103 180
104 197
104 109
104 140
105 249
105 133
105 134
107 127
107 251
107 181
107 191
108 238
108 186
108 130
108 165
108 242
109 127
109 156
109 139
109 135
109 171
110 160
110 206
110 221
110 186
110 241
111 187
112 124
112 199
112 153
112 190
112 165
112 146
113 193
113 142
113 248
113 169
113 195
114 143
114 232
115 165
115 217
115 155
115 149
115 214
115 144
115 205
115 139
117 170
117 254
117 230
117 197
118 179
118 234
118 242
118 136
118 252
118 159
119 250
119 238
119 134
120 128
120 158
120 240
120 252
121 148
122 160
122 222
122 168
122 179
122 219
122 134
122 216
122 214
122 227
123 253
123 174
123 240
123 242
124 149
124 154
124 195
124 157
125 138
125 185
125 196
125 201
126 158
126 163
126 136
126 160
126 188
126 209
126 128
127 204
127 193
127 179
127 177
128 229
128 208
128 179
128 246
129 219
129 231
129 239
129 158
129 163
130 223
130 251
130 133
130 168
130 177
131 231
131 218
131 213
132 135
132 201
132 164
132 134
133 228
133 254
133 164
133 233
134 170
134 235
135 226
135 198
135 214
135 206
135 208
136 145
136 147
136 243
136 251
136 230
136 182
136 200
137 202
137 172
137 187
137 255
138 170
138 158
138 242
138 172
138 224
139 176
139 253
139 241
139 213
139 230
139 162
139 191
139 168
140 190
140 226
140 167
140 221
140 198
141 252
141 203
141 233
142 233
142 204
142 169
142 254
143 179
143 174
143 146
144 165
144 251
144 197
144 204
144 205
145 221
145 242
145 200
146 158
146 186
146 244
146 202
147 157
147 155
147 244
147 230
147 171
147 229
147 192
148 236
148 207
148 235
149 208
149 202
149 161
149 176
149 198
150 202
150 207
150 208
150 183
150 197
150 173
151 235
151 196
151 192
152 240
153 160
153 222
153 240
154 175
155 227
155 234
155 157
156 182
156 225
156 233
157 246
157 219
157 235
157 215
157 221
158 211
159 199
159 214
159 180
160 254
161 233
161 253
161 242
162 222
163 164
163 190
163 166
163 231
164 210
165 225
165 193
165 215
165 219
165 170
165 203
165 182
166 247
166 210
167 251
167 190
167 201
167 184
167 241
167 206
167 224
168 253
168 249
169 189
169 234
169 198
169 188
170 212
171 227
171 173
171 194
172 197
172 247
172 216
172 253
173 239
173 240
173 220
173 202
174 194
174 193
174 235
174 208
175 209
176 240
176 215
176 211
177 217
178 255
178 196
178 209
179 229
179 241
179 208
180 217
180 252
181 254
181 237
182 187
183 253
183 200
184 232
184 210
185 218
186 255
186 217
186 231
186 215
188 194
188 239
188 213
188 230
188 221
188 206
189 195
190 246
190 232
190 243
191 195
191 216
192 251
192 246
193 226
193 225
193 248
193 238
194 201
194 233
195 230
195 206
196 197
196 235
197 203
197 212
197 233
197 239
198 246
198 215
198 241
199 245
199 244
199 243
199 204
200 248
200 250
200 240
201 229
202 203
203 228
203 239
204 253
204 252
205 252
206 224
206 214
208 247
209 232
210 235
212 245
213 244
215 217
215 252
215 222
216 218
217 228
217 235
217 219
217 245
218 229
220 229
221 230
221 252
222 246
223 237
226 250
227 232
228 247
229 233
230 243
231 249
232 255
236 244
236 254
244 248
