0 231
0 179
0 143
0 25
0 189
1 139
1 227
1 121
1 36
1 135
1 39
1 10
2 105
2 102
2 4
2 36
2 27
2 99
2 254
2 231
3 242
3 136
3 130
3 72
3 164
3 73
3 49
3 125
3 137
3 191
4 14
4 148
4 20
5 111
5 134
5 69
5 166
5 216
5 127
5 34
5 253
5 10
5 101
5 61
6 112
6 162
6 103
6 124
6 159
6 61
6 59
6 235
7 39
7 36
7 134
7 146
7 71
8 71
8 225
8 242
8 236
8 18
8 148
8 98
9 89
9 135
9 192
9 199
9 122
9 103
9 22
9 18
9 180
10 133
10 139
10 156
10 197
10 233
10 24
11 33
11 116
11 181
11 92
11 219
11 187
11 224
11 176
12 244
12 158
12 221
12 101
12 150
12 217
12 208
12 87
13 138
13 98
13 25
13 143
13 133
13 124
13 177
13 215
13 196
13 255
13 185
14 106
14 89
14 158
14 219
14 166
14 129
15 118
15 219
15 140
15 43
15 69
15 171
15 65
15 198
16 188
16 31
16 46
16 223
16 122
16 52
17 82
17 156
17 115
17 76
17 25
17 143
17 21
18 89
18 47
18 184
18 35
18 200
18 239
18 167
18 232
18 50
18 107
18 52
18 57
18 237
19 107
19 195
19 90
19 157
19 200
19 167
19 26
19 52
20 253
20 179
20 23
20 193
20 65
20 194
20 114
20 67
21 166
21 204
21 243
21 127
22 40
22 241
22 53
22 98
22 71
23 247
23 44
23 239
23 35
23 37
23 64
23 45
24 189
24 43
24 38
24 106
24 112
24 131
24 128
24 46
25 166
25 159
25 211
25 167
25 188
25 189
26 165
26 201
26 231
26 137
26 110
26 254
27 43
27 148
27 69
27 149
27 245
27 240
27 118
27 32
27 90
28 138
28 150
28 130
28 239
29 164
29 67
29 108
29 130
29 104
29 232
30 121
30 238
30 71
30 74
30 178
30 137
31 131
31 247
31 228
31 202
31 213
31 134
31 218
31 124
31 85
31 169
32 183
32 249
32 113
32 210
32 230
32 99
32 69
33 237
33 255
33 120
33 232
33 36
33 177
33 164
33 129
33 221
33 183
34 202
34 105
34 60
34 241
34 70
34 127
34 175
35 43
35 60
35 89
35 44
35 148
35 180
36 171
36 85
36 215
37 156
37 174
37 135
37 73
37 107
37 151
37 95
37 114
37 180
37 231
37 196
38 219
38 92
38 112
38 83
38 58
38 255
39 58
39 211
39 244
39 172
40 43
40 103
40 203
40 48
40 81
40 59
40 236
41 200
41 82
41 119
41 197
41 147
41 138
41 65
42 180
42 176
42 52
42 171
42 149
42 45
42 249
43 77
43 172
43 53
43 159
43 140
43 229
43 66
43 149
43 94
43 206
44 207
44 203
44 88
44 170
44 158
44 231
44 153
44 249
44 140
44 68
45 151
45 116
45 141
45 59
45 69
45 250
45 208
46 244
46 51
46 67
46 127
46 59
47 163
47 240
47 74
47 253
47 106
47 101
47 57
47 224
48 83
48 199
48 147
48 98
48 178
48 227
48 175
48 81
48 126
48 157
48 241
48 244
49 66
49 81
49 232
49 107
50 134
50 179
50 219
50 193
50 171
50 213
50 147
50 203
50 54
50 76
50 136
51 54
51 198
51 146
51 168
51 178
51 160
51 230
52 130
52 127
52 70
52 119
52 190
52 134
53 164
53 110
53 222
53 77
54 92
54 169
54 63
54 212
54 170
55 252
55 182
55 147
55 206
55 104
55 124
55 226
56 97
56 249
56 149
56 197
56 196
57 79
57 231
57 134
57 128
57 220
57 188
57 132
57 193
57 125
58 133
58 201
58 138
59 140
59 153
59 236
59 122
59 116
59 172
59 89
59 178
60 238
60 138
60 150
60 99
60 234
60 156
61 176
61 148
61 192
61 225
61 97
61 214
61 100
61 233
62 136
62 166
62 110
62 155
63 171
63 178
63 250
63 249
63 92
63 93
63 167
63 85
64 216
64 145
64 164
64 119
64 78
64 173
64 254
65 131
65 148
65 102
65 174
65 255
66 239
66 135
66 242
66 81
66 164
67 120
67 118
67 189
67 145
67 139
67 85
67 127
67 229
68 220
68 188
68 71
68 186
69 152
69 251
69 196
69 144
69 138
69 143
70 184
70 201
70 157
70 81
70 124
70 115
71 95
71 243
71 235
71 199
71 79
71 131
72 182
72 202
72 167
72 253
72 193
72 174
72 93
72 176
73 93
73 180
73 188
73 236
73 129
74 113
74 184
74 249
74 158
75 101
75 134
75 167
75 186
75 183
75 147
75 153
75 216
75 219
75 252
76 173
76 239
76 194
76 96
76 124
77 177
77 205
77 191
78 162
78 209
78 127
78 125
78 187
79 99
79 156
79 170
79 226
80 164
81 173
81 139
81 101
81 204
81 237
81 96
81 246
81 152
81 181
81 205
82 116
82 90
83 146
83 245
83 122
83 247
83 149
84 151
84 201
84 85
84 122
84 244
84 137
84 134
84 178
85 159
85 139
85 251
85 188
85 86
85 189
85 102
85 247
86 208
86 108
86 241
86 90
86 106
86 146
86 184
87 112
87 185
87 165
87 207
87 110
87 117
87 161
87 101
88 186
88 250
88 91
88 161
89 154
89 232
89 96
89 208
89 120
90 100
90 205
90 98
90 250
90 178
91 146
91 217
91 231
92 153
92 135
92 172
92 218
92 246
93 228
93 147
93 213
93 108
95 204
95 172
95 247
95 150
95 176
95 111
96 239
96 143
96 199
96 146
96 183
97 224
97 251
97 150
97 225
97 252
98 186
98 120
98 109
98 143
99 164
99 166
99 212
99 210
99 232
99 107
100 138
100 255
100 218
100 102
100 156
100 131
100 122
101 233
101 189
101 215
101 226
101 150
101 103
101 239
101 111
102 159
102 134
102 129
103 205
103 233
103 247
104 151
104 186
105 152
105 186
105 175
105 147
105 138
105 108
105 253
105 180
106 115
106 181
106 250
106 135
107 249
107 163
107 166
107 215
107 111
108 128
108 246
108 236
109 239
109 206
109 135
109 157
110 224
110 204
110 199
111 156
111 202
111 193
111 154
111 254
111 166
112 119
112 194
112 137
112 214
112 253
112 141
112 187
112 248
112 203
113 251
113 248
113 138
114 246
114 188
114 204
114 254
114 220
114 182
115 167
115 139
115 230
115 135
116 218
116 222
116 208
116 165
116 223
116 163
116 169
117 176
117 227
117 251
118 196
118 209
118 135
118 150
118 138
118 120
118 188
118 233
119 179
119 137
119 164
119 235
119 245
119 135
120 201
120 208
120 138
121 219
121 247
121 142
121 236
121 133
121 128
122 149
122 131
122 227
122 158
123 218
123 142
123 153
123 213
124 243
124 252
125 252
125 209
125 231
126 243
126 164
126 130
126 200
126 224
127 187
127 161
127 230
127 184
127 198
127 163
128 206
128 242
128 143
128 230
128 187
129 243
130 229
130 174
130 167
130 186
130 219
130 137
131 216
131 185
131 199
131 143
131 219
131 140
132 209
132 223
132 246
132 202
132 145
133 176
133 146
133 136
133 174
134 235
134 252
134 247
135 199
135 247
135 141
137 150
137 165
137 173
138 167
138 250
138 187
138 183
138 241
139 253
139 174
139 168
140 204
140 183
140 247
141 247
141 162
142 193
142 177
142 204
142 161
143 193
143 214
143 157
143 198
143 202
144 167
144 158
144 220
144 177
145 156
145 220
145 209
146 163
146 238
146 240
146 171
147 241
147 184
148 217
148 221
148 159
149 202
149 152
150 159
151 245
151 179
151 211
151 199
151 250
151 191
152 240
152 190
153 158
153 173
154 234
154 250
155 191
155 174
155 164
155 234
155 170
155 163
156 246
156 238
157 168
157 225
159 197
159 252
159 234
160 213
160 219
160 250
160 187
161 216
162 176
162 211
162 193
162 200
163 176
163 248
164 235
164 245
164 237
164 191
164 170
164 168
164 181
165 226
166 197
166 221
166 238
167 225
167 172
167 188
168 219
168 239
168 223
168 184
168 194
169 234
170 205
170 200
170 231
170 252
171 250
171 207
171 221
172 218
172 216
172 208
172 226
173 212
173 240
173 237
174 227
174 253
174 255
174 229
175 217
175 182
176 187
176 184
177 235
177 252
177 246
177 200
178 216
178 218
178 215
180 211
180 251
180 248
181 202
183 221
184 235
185 194
186 229
187 230
187 253
188 197
188 237
189 253
189 193
189 233
189 240
190 244
191 245
191 210
192 229
192 219
192 255
194 241
196 221
196 251
197 235
197 244
198 225
199 251
200 254
200 246
201 238
201 226
202 233
202 252
204 238
205 210
206 218
207 242
207 226
207 214
208 255
208 226
208 251
211 238
211 223
213 249
213 232
214 226
214 237
215 250
215 254
215 236
216 236
217 242
218 254
222 250
224 230
225 241
225 234
226 253
226 249
228 241
228 229
229 242
230 253
233 237
234 246
235 244
235 252
235 237
236 251
240 245
240 248
243 253
244 255
244 247
245 250
248 254
248 249
