0 178
0 21
0 135
0 37
0 214
0 103
0 88
1 120
1 162
1 18
1 56
1 244
1 13
1 170
1 211
2 26
2 161
2 223
2 104
2 98
3 99
3 188
3 187
3 171
3 155
3 41
3 89
3 141
4 85
4 174
4 167
4 153
4 124
4 191
4 114
5 109
5 170
5 33
5 85
5 238
5 64
5 103
5 94
5 147
5 112
5 6
6 190
6 121
6 83
6 246
6 65
7 213
7 241
7 34
7 88
7 114
7 121
7 134
7 62
7 119
8 155
8 91
8 159
9 196
9 70
9 238
9 231
9 185
9 160
9 181
9 34
9 245
9 244
9 28
9 183
10 143
10 217
10 158
10 224
10 225
10 26
10 140
10 204
10 171
10 146
11 29
11 98
12 231
12 213
12 49
12 248
12 224
12 174
12 128
13 26
13 146
13 150
13 90
13 103
13 75
13 197
13 62
13 234
13 233
13 85
14 109
14 73
14 131
14 112
14 182
14 133
14 37
14 183
14 252
14 138
14 150
14 201
14 21
15 37
15 184
15 130
15 29
15 60
15 94
15 178
16 100
16 203
16 170
16 126
16 82
16 217
16 130
17 171
17 94
17 188
17 223
17 150
17 151
17 100
17 44
17 209
17 136
17 23
17 117
18 122
18 185
18 55
18 204
18 28
18 25
19 225
19 53
19 93
19 166
19 244
19 83
19 240
19 132
19 39
20 160
20 248
20 226
20 83
20 114
20 218
20 216
21 225
21 97
21 241
21 57
21 43
21 72
21 49
22 102
22 181
22 100
22 48
22 69
22 185
23 179
23 203
23 242
23 60
23 245
23 199
23 158
23 136
23 250
23 49
23 209
24 88
24 121
24 75
24 69
24 169
24 213
25 244
25 93
25 203
25 194
25 134
25 110
25 151
25 249
26 177
26 184
26 160
26 41
26 63
26 36
26 127
26 215
26 227
26 90
26 77
27 172
27 73
27 70
27 213
27 67
27 211
27 90
28 36
28 198
28 175
28 56
28 104
28 81
28 85
28 90
29 207
29 249
29 83
29 118
29 234
29 216
29 46
29 230
30 72
30 38
30 246
30 108
30 250
31 209
31 207
31 194
31 249
31 203
31 118
31 40
31 228
31 125
31 109
32 129
32 234
32 116
32 113
32 102
32 175
32 65
32 236
33 63
33 167
33 35
33 50
33 98
33 169
33 46
34 239
34 218
34 203
34 158
34 210
34 208
34 130
34 74
34 190
34 165
35 54
35 107
35 154
35 232
35 82
35 181
35 179
35 81
35 78
35 251
35 56
35 118
36 225
36 80
36 232
36 235
36 183
36 82
36 227
36 192
37 100
37 88
37 64
37 110
37 116
37 74
37 237
37 185
38 117
38 55
38 224
38 200
38 237
39 50
39 138
39 158
39 40
39 89
40 112
40 105
40 111
40 54
40 194
40 108
40 95
40 71
40 175
40 45
40 109
40 89
41 232
41 183
41 164
41 245
41 83
41 150
41 198
42 213
42 62
42 231
42 198
42 212
43 170
43 107
43 253
43 226
43 214
43 103
43 249
43 109
44 224
44 232
44 248
44 70
44 89
44 59
44 46
44 69
44 244
44 203
44 176
45 59
45 233
45 70
45 214
45 181
45 107
46 198
46 225
46 128
46 124
46 106
47 152
47 192
47 233
47 208
48 238
48 244
48 129
48 181
48 231
48 100
49 53
49 71
49 51
49 177
49 147
49 174
49 205
49 137
50 190
50 221
50 134
50 183
50 112
50 151
50 193
50 63
51 198
51 248
51 98
51 253
51 142
51 104
51 76
51 148
51 144
51 249
51 77
51 220
52 53
52 135
52 209
52 230
52 245
52 222
53 219
53 241
53 243
53 160
54 87
54 66
54 217
54 193
55 109
55 159
55 95
55 91
56 114
56 215
56 223
56 122
56 161
56 152
56 145
57 188
57 205
57 82
57 154
57 162
57 108
57 176
57 131
58 66
58 205
58 202
58 79
58 96
58 182
58 104
58 227
58 229
58 109
58 120
58 173
58 94
58 240
58 63
58 254
59 145
59 119
60 193
60 133
60 150
60 71
60 190
60 122
60 179
60 111
60 166
60 119
61 144
61 207
61 203
61 225
61 157
61 239
62 181
62 63
62 111
62 108
62 65
62 138
63 190
64 250
64 229
64 111
64 171
64 123
64 98
64 164
65 94
65 199
65 166
65 211
65 96
65 183
66 102
66 149
66 152
66 181
66 116
66 79
67 74
67 135
67 241
68 160
68 100
68 174
68 240
68 229
69 123
69 150
69 113
69 240
70 89
70 142
70 103
70 215
70 221
70 217
70 72
70 115
70 197
70 155
70 152
71 185
71 133
72 93
72 226
72 171
72 245
72 206
72 78
72 141
72 224
73 80
73 141
73 193
73 116
73 96
73 213
73 131
73 192
73 146
73 98
74 193
74 158
74 168
74 167
74 220
74 239
74 111
75 176
75 119
75 190
75 217
75 246
75 191
75 251
76 136
76 243
77 232
77 148
77 190
77 164
77 132
78 116
78 138
78 118
78 201
78 100
78 230
79 235
79 211
79 234
79 130
79 189
80 96
80 198
80 97
80 159
80 130
80 248
80 213
80 182
80 174
80 171
81 252
81 244
81 192
81 253
82 177
82 160
82 221
82 128
82 107
82 230
83 191
83 116
83 105
84 222
84 119
85 129
85 214
85 132
85 198
85 105
86 171
86 252
86 237
86 251
87 133
87 88
87 171
87 184
88 99
88 126
88 127
88 204
88 145
89 199
89 220
89 141
89 218
89 255
89 225
89 205
89 187
89 146
89 107
90 152
90 103
90 122
90 242
90 154
91 169
91 107
91 223
91 129
91 192
91 189
91 241
91 179
92 225
92 108
92 119
92 248
93 167
93 158
93 244
94 165
94 195
94 136
95 247
95 251
95 132
95 162
95 171
96 152
96 208
96 243
96 242
96 212
96 241
97 167
97 132
97 178
97 157
98 140
98 135
98 241
98 223
98 204
99 236
99 141
99 150
99 214
100 130
100 110
100 248
100 228
100 255
101 223
101 225
102 190
102 234
102 207
102 158
103 167
103 249
103 159
103 193
103 172
104 204
104 196
105 187
105 125
105 233
105 118
105 192
105 204
106 189
106 112
106 130
106 210
106 122
107 120
107 111
107 139
107 173
108 116
108 159
108 235
108 230
109 139
109 161
110 118
110 127
110 153
111 146
111 230
111 210
111 158
111 255
111 169
112 208
112 173
112 165
112 167
112 171
112 170
113 252
113 121
113 209
113 120
114 148
114 211
114 204
114 160
114 238
115 187
115 229
115 154
115 209
116 176
116 146
116 159
117 142
117 136
117 232
117 144
117 189
117 161
118 222
118 120
118 206
118 171
118 183
119 235
119 125
119 253
119 248
119 194
119 215
119 128
119 199
120 241
121 223
121 200
121 127
122 225
122 145
122 158
122 202
123 175
123 166
124 243
124 160
124 241
125 196
125 130
125 188
126 231
126 133
126 199
126 160
126 169
126 253
127 211
127 142
127 245
127 177
127 131
128 162
129 223
129 204
129 180
129 200
131 135
131 229
132 172
132 185
132 252
133 201
133 193
134 187
134 249
135 200
135 219
135 187
136 181
136 241
136 218
137 211
137 188
137 167
138 233
138 242
138 234
138 148
139 248
140 170
140 212
140 146
140 159
140 235
140 206
141 169
141 229
141 215
141 224
141 191
141 204
141 209
143 247
143 172
143 235
144 198
144 233
144 148
144 227
144 179
144 218
145 175
146 207
146 212
146 224
146 254
147 172
148 209
148 206
149 160
149 228
149 184
149 195
149 250
149 218
150 238
150 227
150 168
150 153
151 241
151 197
151 196
151 160
151 207
152 155
152 220
152 250
153 207
154 186
154 255
154 171
155 192
155 250
155 237
155 217
155 172
156 196
156 180
157 161
157 222
157 185
158 233
158 212
159 202
159 224
159 181
160 227
160 210
161 215
162 250
162 253
162 180
162 215
162 254
162 236
163 253
163 217
164 225
165 171
165 212
165 174
165 208
165 216
166 178
167 191
167 185
167 188
168 190
169 203
169 249
170 218
170 249
170 204
170 171
171 227
171 186
171 253
172 250
172 180
172 176
173 231
174 178
174 191
174 230
174 248
175 220
176 201
176 238
176 243
176 248
178 243
178 241
178 227
178 233
179 232
179 242
180 219
180 215
180 246
181 182
181 241
182 197
182 226
184 198
184 195
184 228
185 225
185 246
185 229
185 202
185 214
187 198
187 236
188 193
189 222
189 210
189 196
189 192
191 234
191 193
191 220
192 210
192 193
192 217
192 230
193 210
194 207
194 225
194 196
194 234
196 218
196 197
198 236
198 241
198 226
199 201
199 205
199 238
199 239
200 252
201 208
202 247
202 235
203 235
204 225
206 251
211 249
211 237
212 215
212 213
213 250
215 244
215 229
216 235
216 252
216 255
216 254
218 252
218 249
218 236
219 229
219 247
221 245
222 225
222 223
224 243
225 235
226 250
226 229
227 232
227 251
228 230
228 247
229 232
230 248
230 233
230 252
231 247
232 255
238 249
239 242
241 243
242 252
