0 58
0 84
1 247
1 170
2 33
2 169
3 150
4 203
4 140
5 36
5 253
6 30
6 214
7 27
7 52
7 219
8 209
9 189
9 114
9 46
10 24
10 129
10 232
11 198
11 18
12 252
13 73
13 18
13 160
14 108
15 239
16 169
17 37
18 226
19 71
20 55
21 131
22 183
23 47
23 153
24 170
24 157
24 200
25 105
26 237
26 72
27 253
28 174
28 241
28 76
29 72
30 106
31 202
32 135
32 56
34 139
34 74
34 208
34 239
35 61
35 95
35 63
35 127
35 240
35 167
36 142
36 45
37 141
37 158
38 135
38 233
39 197
39 94
39 102
40 178
40 215
41 254
41 44
41 205
42 156
42 239
42 76
43 175
43 235
43 164
44 97
45 79
46 112
48 62
48 224
49 236
49 194
50 103
50 184
51 175
53 187
53 195
54 213
54 250
54 83
54 171
55 64
55 118
57 158
58 93
58 182
58 131
58 68
59 177
59 224
60 216
61 124
63 148
64 197
64 168
65 128
65 115
66 248
66 179
66 236
67 151
68 145
68 124
68 188
69 175
70 103
71 200
72 114
73 114
73 196
73 145
75 174
77 223
77 142
78 211
78 133
79 95
80 82
80 244
81 247
85 144
86 127
87 143
87 129
87 153
88 188
88 181
89 161
90 232
90 116
90 137
91 241
92 216
93 212
93 251
95 180
95 207
96 178
96 199
97 242
98 173
98 105
99 121
100 119
100 193
101 174
103 109
104 108
105 203
107 193
107 195
107 144
108 199
109 252
109 174
110 222
111 232
113 233
115 241
117 121
118 201
119 134
120 151
121 146
122 165
122 160
123 164
124 139
125 226
125 255
125 179
125 230
125 227
126 255
127 169
127 218
130 239
130 158
131 147
132 183
132 228
133 247
135 190
136 226
136 245
137 225
138 141
143 158
145 173
146 252
149 156
149 197
150 206
150 191
150 177
151 183
152 246
153 154
154 202
154 193
155 186
155 183
155 233
156 163
158 213
159 254
161 232
162 194
164 172
166 234
172 242
172 209
173 238
176 192
176 213
176 246
178 197
179 224
182 234
184 214
185 235
189 221
190 249
190 244
198 204
207 217
210 250
213 216
218 220
218 243
222 228
226 235
229 248
231 234
239 249
