0 147
1 174
2 66
3 106
3 86
3 5
3 206
3 111
4 120
5 35
6 144
6 225
7 189
8 173
9 36
10 158
10 232
11 221
11 14
12 238
12 100
12 241
13 75
13 32
14 198
14 17
14 190
15 57
16 211
16 37
18 158
18 21
19 77
19 196
20 99
20 197
20 192
20 36
22 119
22 200
22 214
23 72
23 188
23 200
24 207
24 80
24 70
25 103
25 33
25 97
26 253
27 202
28 184
29 215
29 154
30 51
31 118
31 135
32 121
32 136
33 110
34 134
37 76
37 181
38 59
39 67
39 243
40 195
41 79
42 166
42 108
43 84
44 205
45 119
46 149
46 143
47 77
48 50
49 212
49 69
50 81
50 173
50 224
50 230
51 238
51 193
51 145
52 167
52 87
52 214
53 159
53 172
54 233
54 248
55 96
55 140
56 232
57 222
58 60
58 212
58 250
59 61
60 121
60 92
61 179
61 76
62 186
62 161
63 202
63 166
64 107
64 97
65 201
65 182
66 103
67 134
67 211
67 77
68 158
69 255
69 185
70 222
71 161
71 81
71 197
72 131
73 236
74 85
74 201
75 124
75 215
75 245
76 115
76 150
78 139
79 208
80 86
82 198
83 241
83 153
84 92
86 219
86 147
86 130
87 164
87 252
87 184
88 128
88 97
89 90
90 197
91 169
91 136
91 210
92 174
92 130
92 195
93 178
94 113
95 233
95 129
96 249
98 138
99 244
99 229
100 124
100 234
101 135
101 191
102 124
103 147
103 246
104 254
104 239
105 204
105 161
107 138
109 201
109 122
110 125
111 235
111 165
112 182
113 143
114 118
115 218
116 118
117 166
119 236
120 202
120 146
122 171
122 247
123 205
124 163
124 178
126 169
127 155
129 252
130 190
130 205
131 218
132 240
133 173
134 232
135 216
136 213
136 159
137 155
139 157
140 242
141 151
142 185
143 158
146 195
146 155
148 207
151 209
152 221
154 225
155 194
156 227
157 224
160 219
161 175
162 251
162 209
167 187
168 242
170 252
176 181
177 226
180 215
181 237
183 252
188 189
193 253
197 241
199 245
199 228
200 208
201 251
203 221
206 231
208 221
209 215
209 223
216 238
216 242
217 241
220 242
226 237
227 228
240 253
242 254
