0 237
0 240
1 75
1 197
1 253
2 219
3 213
4 228
5 176
5 230
6 113
6 55
6 22
7 40
7 242
8 19
8 162
9 197
10 154
11 47
12 155
12 198
12 76
13 222
14 28
14 171
15 141
15 100
16 243
16 124
16 165
17 146
17 67
17 208
17 184
18 88
18 104
19 123
19 156
19 85
19 83
20 135
20 49
20 183
21 102
21 54
22 97
23 159
23 241
23 166
24 117
24 239
25 37
25 168
26 94
26 212
26 172
27 77
27 66
27 121
28 95
29 157
29 198
30 171
30 91
31 173
32 122
32 72
33 36
34 59
35 210
36 202
38 145
39 236
40 192
41 229
42 103
42 93
43 228
43 90
43 81
43 128
44 129
45 150
46 148
47 226
47 136
47 215
48 215
49 71
49 134
50 209
50 138
50 116
51 158
52 252
53 244
56 233
56 255
56 153
57 83
58 253
58 254
58 98
59 96
60 220
61 86
62 131
63 107
63 202
64 133
64 154
64 248
65 70
65 217
66 177
66 87
68 211
68 209
69 183
73 98
74 148
74 86
77 228
77 187
78 217
78 232
79 99
80 208
81 110
81 107
82 231
84 217
84 223
86 147
86 231
89 120
89 149
89 167
89 181
91 212
92 168
96 132
96 222
98 241
99 172
99 195
101 193
101 133
101 170
102 151
103 245
103 185
104 227
104 188
105 190
106 231
106 209
107 236
108 180
108 139
109 147
109 246
110 229
111 173
111 203
112 216
112 186
113 157
114 180
115 252
115 217
117 127
118 217
119 160
119 123
119 234
122 241
122 178
122 164
123 143
123 235
123 218
124 249
125 140
125 146
125 144
125 172
126 161
127 218
128 182
129 188
130 213
130 158
131 207
131 230
131 248
131 151
132 155
135 238
136 166
136 199
137 230
140 142
141 228
144 168
144 181
145 219
145 163
146 180
146 196
147 173
148 158
150 174
152 172
154 224
156 179
159 243
159 233
160 191
161 246
162 220
163 166
169 198
170 218
174 251
174 230
175 180
177 206
180 219
180 205
183 208
187 225
188 191
189 215
189 194
190 249
192 250
194 217
194 244
198 244
200 253
201 250
201 204
201 239
201 219
202 233
204 210
213 235
214 227
216 237
219 247
221 240
221 236
237 245
