0 197
1 202
2 250
2 101
3 132
3 14
4 65
4 99
5 165
6 176
7 212
8 255
8 128
9 254
10 98
10 34
11 170
11 155
12 90
13 162
13 219
15 104
16 41
17 192
18 168
18 105
19 237
20 244
20 140
21 146
21 102
21 143
22 219
23 199
23 59
24 255
24 168
24 119
25 123
25 229
25 166
26 35
26 242
26 81
27 86
27 56
28 178
28 44
28 91
28 167
28 248
29 227
29 119
30 211
30 193
31 171
31 48
32 117
33 125
33 216
34 168
35 130
35 103
36 121
36 70
36 186
37 249
38 115
38 183
38 240
39 140
39 230
40 50
40 158
41 189
41 201
42 191
42 132
42 172
42 74
43 184
43 105
44 60
45 117
45 82
45 72
46 138
46 105
46 157
47 151
48 53
48 213
48 240
49 121
49 198
51 195
51 203
52 243
52 80
54 219
54 134
55 225
56 75
56 77
57 131
58 246
60 151
61 92
62 137
63 146
63 85
64 175
66 178
66 206
67 249
67 173
68 200
69 78
69 136
69 253
69 198
69 197
71 97
71 131
73 123
73 152
73 174
74 217
76 225
78 165
79 180
80 148
81 173
81 194
82 162
82 245
83 200
83 137
83 222
84 189
85 156
86 244
86 110
87 119
88 149
89 153
90 200
90 224
91 159
91 133
92 243
93 161
94 163
95 159
96 136
99 226
99 114
100 105
101 105
102 185
102 109
103 148
103 110
104 145
104 109
105 202
106 208
107 215
107 174
108 196
108 150
109 172
111 198
112 134
113 196
116 170
116 121
116 204
117 167
118 234
119 177
119 127
120 205
121 140
122 195
124 138
125 235
126 234
127 223
129 187
130 225
130 181
131 222
132 139
133 192
133 225
133 207
133 239
133 149
135 150
136 212
140 141
142 223
143 209
144 175
144 172
147 153
152 207
153 248
154 255
154 234
154 238
154 242
157 190
158 179
159 231
160 201
160 228
161 197
161 169
162 246
163 167
164 188
167 240
168 179
168 180
170 218
175 201
176 198
176 221
177 210
181 220
182 203
186 232
187 227
188 209
190 226
193 235
194 233
195 241
196 198
197 208
198 201
199 212
200 214
203 230
204 237
205 243
207 222
214 247
226 236
231 235
234 251
238 252
254 255
